Ab	2 3 1 2 1
A	0 2 1 0 0
A#	0 3 2 1 1
Bb	0 3 2 1 1
B	0 4 3 2 2
C	0 0 0 0 3
C#	0 1 1 1 4
Db	0 1 1 1 4
D	0 2 2 2 0
D#	0 0 3 3 1
Eb	0 0 3 3 1
E	0 4 4 4 2
F	0 2 0 1 0
F#	0 3 1 2 1
Gb	0 3 1 2 1
G 	0 0 2 3 2
G#	2 3 1 2 1
Abm	0 1 3 4 2
Am	0 2 0 0 0
A#m	0 3 1 1 1
Bbm	0 3 1 1 1
Bm	0 4 2 2 2
Cm	0 0 3 3 3
C#m	0 1 1 0 4
Dbm	0 1 1 0 4
Dm	0 2 2 1 0
D#m	0 3 3 2 1
Ebm	0 3 3 2 1
Em	0 0 4 3 2
Fm	0 1 0 1 3
F#m	0 2 1 2 0
Gbm	0 2 1 2 0
Gm	0 0 2 3 1
G#m	0 1 3 4 2
Ab7	0 1 3 2 3
A7	0 0 1 0 0
A#7	0 1 2 1 1
Bb7	0 1 2 1 1
B7	0 2 3 2 2
C7	0 0 0 0 1
C#7	0 1 1 1 2
Db7	0 1 1 1 2
D7	0 2 2 2 3
D#7	2 1 1 1 2
Eb7	2 1 1 1 2
E7	0 1 2 0 2
F7	0 2 3 1 3
F#7	0 3 4 2 4
Gb7	0 3 4 1 4
G7	0 0 2 1 2
G#7	0 1 3 2 3
Abm7	0 1 3 2 2
Am7	0 0 0 0 0
A#m7	0 1 1 1 1
Bbm7	0 1 1 1 1
Bm7	0 2 2 2 2
Cm7	0 3 3 3 3
C#m7	0 1 1 0 2
Dbm7	0 1 1 0 2
Dm7	0 2 2 1 4
D#m7	0 3 3 2 4
Ebm7	0 3 3 2 4
Em7	0 0 2 0 2
Fm7	0 1 3 1 3
F#m7	0 2 4 2 4
Gbm7	0 2 4 2 4
Gm7	0 0 2 1 1
G#m7	0 1 3 2 2
Ab6	0 1 3 1 3
A6	0 2 4 2 4
A#6	0 0 2 1 1
Bb6	0 0 2 1 1
B6	0 1 3 2 2
C6	0 0 0 0 0
C#6	0 1 1 1 1
Db6	0 1 1 1 1
D6	0 2 2 2 2
D#6	0 3 3 3 3
Eb6	0 3 3 3 3
E6	0 1 1 0 2
F6	0 2 2 1 3
F#6	0 3 3 2 4
Gb6	0 3 3 2 4
G6	0 0 2 0 2
G#6	0 1 3 1 3
Abdim7	0 1 2 1 2
Adim7	0 2 3 2 3
A#dim7	0 0 1 0 1
Bbdim7	0 0 1 0 1
Bdim7	0 1 2 1 2
Cdim7	0 2 3 2 3
C#dim7	0 0 1 0 1
Dbdim7	0 0 1 0 1
Ddim7	0 1 2 1 2
D#dim7	0 2 3 2 3
Ebdim7	0 2 3 2 3
Edim7	0 0 1 0 1
Fdim7	0 1 2 1 2
F#dim7	0 2 3 2 3
Gbdim7	0 2 3 2 3
Gdim7	0 0 1 0 1
G#dim7	0 1 2 1 2
Csus4	0 0 0 1 3
Gsus4	0 0 2 3 3

